-3.698538241239897051e-01
-3.541594824845509804e-01
-3.384651408451122556e-01
-3.227707992056735309e-01
-3.070764575662348062e-01
-2.913821159267960814e-01
-2.756877742873573567e-01
-2.599934326479186320e-01
-2.442990910084799072e-01
-2.286047493690411825e-01
-2.129104077296024577e-01
-1.972160660901637330e-01
-1.815217244507250083e-01
-1.658273828112862835e-01
-1.501330411718475588e-01
-1.344386995324088341e-01
-1.187443578929701093e-01
-1.030500162535313846e-01
-8.735567461409265988e-02
-7.166133297465393515e-02
-5.596699133521521041e-02
-4.027264969577648568e-02
-2.457830805633776095e-02
-8.883966416899036211e-03
6.810375222539688522e-03
2.250471686197841326e-02
3.819905850141713799e-02
5.389340014085586272e-02
6.958774178029458746e-02
8.528208341973331219e-02
1.009764250591720369e-01
1.166707666986107617e-01
1.323651083380494864e-01
1.480594499774882111e-01
1.637537916169269359e-01
1.794481332563656606e-01
1.951424748958043853e-01
2.108368165352431101e-01
2.265311581746818348e-01
2.422254998141205595e-01
2.579198414535592843e-01
2.736141830929980090e-01
2.893085247324367337e-01
3.050028663718754585e-01
3.206972080113141832e-01
3.363915496507529079e-01
3.520858912901916327e-01
3.677802329296303574e-01
