-4.412800114842110322e-01
-4.255856698447723074e-01
-4.098913282053335827e-01
-3.941969865658948580e-01
-3.785026449264561332e-01
-3.628083032870174085e-01
-3.471139616475786838e-01
-3.314196200081399590e-01
-3.157252783687012343e-01
-3.000309367292625096e-01
-2.843365950898237848e-01
-2.686422534503850601e-01
-2.529479118109463354e-01
-2.372535701715076106e-01
-2.215592285320688859e-01
-2.058648868926301612e-01
-1.901705452531914364e-01
-1.744762036137527117e-01
-1.587818619743139870e-01
-1.430875203348752622e-01
-1.273931786954365375e-01
-1.116988370559978128e-01
-9.600449541655908803e-02
-8.031015377712036329e-02
-6.461581213768163856e-02
-4.892147049824291383e-02
-3.322712885880418909e-02
-1.753278721936546436e-02
-1.838445579926739626e-03
1.385589605951198511e-02
2.955023769895070984e-02
4.524457933838943458e-02
6.093892097782815931e-02
7.663326261726688404e-02
9.232760425670560878e-02
1.080219458961443335e-01
1.237162875355830582e-01
1.394106291750217830e-01
1.551049708144605077e-01
1.707993124538992324e-01
1.864936540933379572e-01
2.021879957327766819e-01
2.178823373722154066e-01
2.335766790116541314e-01
2.492710206510928561e-01
2.649653622905315808e-01
2.806597039299703056e-01
2.963540455694090303e-01
3.120483872088477550e-01
3.277427288482864798e-01
3.434370704877252045e-01
3.591314121271639292e-01
3.748257537666026540e-01
3.905200954060413787e-01
4.062144370454801034e-01
4.219087786849188282e-01
4.376031203243575529e-01
